9000
9010
9014
9030
9032
9052
9059
9063
8008
8019
8074
8096
8099
7032
7036
7075
7093
7095
7097
9100
9103
9121
9133
9154
9160
9177
9180
9182
8106
8125
8142
8143
8179
8185
8297
7207
9346
9347
9381
9390
9391
9392
9393
9394
9395
9396
9397
9398
8309
8328
8341
8374
7382
7386
7396
6300
6301
6302
6303
6304
9440
9441
9490
9491
9492
9493
9494
8465
7416
6400
9502
9505
9515
9533
9542
9550
9553
9573
9581
8500
8501
8522
8555
7509
7569
9603
9618
9640
9642
9652
9666
9676
8639
8686
8688
7658
7659
7670
9700
9701
9703
9704
9705
8712
8752
8790
7702
7731
7794
7799
9848
9849
9866
9885
8801
8885
8886
8897
7842
7893
9908
9912
9948
9949
9951
9959
9963
9966
9985
9989
8919
8977
8978
8985
7901
7981
7989
7993
7995
7997
