9006
9031
9060
9065
9097
8002
8051
8083
8084
8092
7004
7033
7050
7061
7070
7079
7091
9102
9117
9122
9123
9128
9135
9155
9162
9199
8102
9262
8207
8210
8227
8228
8229
8235
8252
8271
8292
8294
8298
7209
7250
7254
7255
7256
7257
7273
7277
7280
7281
7282
7283
6200
6201
6202
6203
6204
6205
6206
6207
6209
6287
6299
9304
9334
9386
8300
8340
7301
7319
7322
7323
7324
7352
7360
7361
7362
7370
9430
9431
9470
9471
9472
8404
8405
8406
8407
8409
8434
7463
7488
7491
7493
7494
9504
9507
9508
9523
9525
9534
9546
9570
9572
9576
8507
8521
8538
8539
8540
8544
8578
8579
7520
7543
7544
7545
7546
7547
7549
7557
7562
7563
7564
9608
9631
9661
9693
8603
8651
8674
8676
8677
8678
7631
7654
7677
9708
9709
9771
9798
8709
8757
8789
8797
7700
7707
7717
7739
7762
7763
7764
7780
9801
9835
9852
8804
8809
8863
8873
8877
7808
7870
9905
9931
9934
9939
9955
9973
8969
8986
8987
7903
7979
7991
7992
