9013
9069
8010
8076
7011
7042
7048
7053
7065
8130
8178
9205
8285
8287
7210
7217
7289
7290
7291
7292
9310
9311
9312
9315
9318
9319
9354
9355
8320
8368
8373
8375
8376
8377
8383
8384
7303
8447
8448
8459
8467
8468
8470
8471
7428
9540
9555
9560
9582
9599
8505
8506
8510
8512
8527
8585
8586
8587
8588
8595
7503
7530
7531
7532
7533
9625
9643
9650
9654
9667
7678
9711
9716
9717
9718
9773
8700
8742
8743
8744
8745
8750
8766
7701
7703
9810
9811
9818
9821
9868
9870
9871
9873
9891
9899
8800
8802
8810
8826
8851
8860
8882
7827
7834
7835
7836
7840
7859
7861
7862
7863
9910
9911
9953
9958
9968
9971
9990
9999
8920
8929
7938
7982
