9016
9033
9067
9099
8000
7016
7041
7043
7046
7069
7072
7096
9104
9157
9173
9184
8128
8140
8141
7111
7171
8200
8238
8264
7222
9313
9316
9327
9328
9377
8347
7333
7359
7383
6351
9408
9409
9426
9427
9428
9429
8401
8460
8469
8487
7474
7490
9510
9512
9537
9558
9574
9586
8511
8530
7567
7575
9601
9624
9638
9662
9687
7600
7698
9712
9714
9722
9723
9724
9725
9726
9727
9737
8758
7711
7722
7733
7771
7772
7773
7776
7777
7778
7779
7788
9824
9825
9879
9898
8849
8866
7817
7874
7878
9904
9909
9913
9924
9925
9974
9978
9979
9998
8980
7984
7990
