9008
9019
9035
9036
9066
9071
8050
8073
8088
8095
7019
7022
7026
7090
9108
9110
9113
9141
9148
9164
9187
8105
8123
8147
8150
8151
8152
8197
8217
8277
7204
7259
9341
9342
9343
9353
9379
9380
8310
7337
7338
7348
7349
7353
6360
6361
6362
6363
6364
6366
9448
9449
9480
9481
9482
9483
8431
8453
8494
8495
8496
8497
7406
7411
7483
9513
9535
9538
9590
9591
8546
8548
8549
8550
8553
9606
9611
9620
9632
9663
9686
8618
8660
7619
7624
7625
7676
9731
9738
9739
9740
9741
9742
9743
8711
8722
8746
8747
8748
8749
8762
8792
7760
7795
9844
9845
9880
9886
8861
8867
8884
8892
7813
7829
7846
7849
7892
7899
9900
9901
9902
9916
9945
9964
9972
9980
9986
8904
8951
8970
8971
7975
7996
