9011
9021
9022
9028
9049
9075
9096
8007
8055
8087
7020
7028
7030
7038
7040
7057
7058
7066
7083
9112
9130
9145
9156
9158
9168
9175
8111
8149
8177
8180
7103
9284
8275
7219
7262
7276
9309
9322
9325
9356
9359
9370
9371
9373
8308
8329
8378
8379
8380
8390
7304
7350
7385
7387
9403
9404
9405
9420
9421
9422
9423
8408
8411
8412
8421
8446
8483
8484
8485
9503
9511
9527
9529
9545
9552
9561
9579
9595
8551
8552
7507
7517
7588
9604
9623
9637
9657
9665
9673
9684
9689
8605
8652
8657
8698
7620
9730
9762
9763
9764
9765
9766
9767
8786
8787
8788
8793
8796
7709
7719
7720
7721
7741
7745
7756
7757
7768
7770
7774
7775
7798
9822
9823
9850
9860
9881
9890
8805
8806
8855
8862
8888
7875
9921
9922
9923
9960
9970
9975
8928
8956
8975
8976
8983
8991
8999
7930
7972
