9009
9039
9098
8085
7000
7024
7049
7067
7089
9111
9131
9144
9165
9174
9179
9190
8103
8109
8120
8223
8224
8225
8226
8234
8236
8269
6232
6260
6261
6262
6263
6264
6265
6266
6267
6268
6269
9300
9301
9302
9303
9329
9340
9399
8305
8319
8349
8357
8358
8359
7354
7389
9406
9407
9424
9425
9479
8435
7415
7489
9522
9575
9584
9589
8516
8517
8518
7566
7587
9617
9630
9644
9669
9685
9691
8600
8602
7612
7617
7697
9713
9752
9753
9754
9755
9770
8770
9806
9826
9834
9893
8815
8817
8823
8827
8839
8871
8878
8889
7828
7869
7879
7898
9907
9926
9977
9981
9993
8959
8962
8965
8982
8989
8990
7974
7987
7999
