9001
9024
9057
9079
8003
8058
8094
7014
7023
7062
7073
9116
9166
9194
8107
8112
8118
8233
8239
8278
8290
7229
9314
9351
9352
9358
9374
9375
9376
8302
8333
8386
7340
7357
9413
9414
9460
9461
9462
8426
8432
8433
9509
9521
9530
9549
9571
9587
8502
8503
8504
8560
8561
7568
7597
9602
9610
9636
9649
9660
9672
9680
9694
8690
8696
7665
9772
9782
9783
9785
9799
8741
8764
8769
7727
7737
7742
7790
9828
9829
9887
8824
8875
8890
7877
7891
9928
9929
9950
9982
9983
8905
8947
8949
8955
8993
8997
7976
