9003
9025
9042
9043
9047
9080
9087
9092
9095
8012
8015
8056
8072
8098
7010
7092
7094
9150
9159
9195
8122
8124
8148
7138
9244
9245
8220
8248
7200
9344
9345
9360
9361
9362
9363
9364
9365
9366
9367
9384
9385
8344
7305
7358
7373
6380
6381
9442
9443
9445
9486
9487
9488
9489
8428
8438
8489
7401
7418
9500
9514
9524
9566
9578
9585
9597
8508
8526
7502
7540
7598
9600
9626
9629
9655
9659
9677
9688
9698
8608
8610
8667
8668
8675
8680
8681
8682
8695
7639
7667
9715
9750
9751
9784
9786
9787
9788
9789
9790
9791
8754
8760
8778
7708
9842
9843
9865
9894
8807
8825
8838
8870
8883
7810
7845
7871
9942
9943
9944
9952
9965
9976
9994
8903
8940
8973
8994
7904
