9012
9027
9045
9058
9068
9082
9084
8006
8057
8077
7017
7037
7055
7060
7078
7088
8126
8171
8191
8218
8265
8266
8267
8273
8279
9368
9389
8307
8317
8392
8393
8394
8395
7300
7302
7310
7351
6395
6396
6397
9410
9411
9412
9456
9457
9458
8430
8439
8445
8449
8473
8476
8477
7409
7417
9520
9528
9536
9548
9557
9568
8532
8577
7500
7579
7599
9627
9634
9639
9675
9682
9690
8630
8650
7609
7669
9719
9720
9756
9758
9759
9760
9761
8755
8791
9808
9837
9897
8859
8899
7830
7895
9917
9927
9997
8909
8923
8938
8958
8979
8995
8996
7906
7983
