9002
9046
9083
9091
9093
8016
7001
7029
7031
7047
7063
7074
7076
7098
9126
9197
8101
8116
8145
8158
8159
8250
8293
6294
6295
6296
9332
9333
9382
8345
8346
8370
7384
9434
9474
9475
9476
8436
7407
9531
9547
9563
9564
9593
8509
8513
8514
8515
7501
7585
9609
9614
9635
9641
9647
9679
8609
8642
8653
8670
7602
7679
7699
9732
9733
9734
9735
9749
9775
8759
8768
8798
7797
9800
9832
9851
9883
7872
9932
9933
8900
8906
8918
8926
8927
8967
8972
7908
